5223
7499
10028
10035
10049
10061
10062
10063
10065
10066
10067
10068
10070
10075
10076
10077
10080
10081
10085
10087
10092
10093
10126
10127
10128
10136
10138
10142
10147
10148
10150
10152
10154
10158
10159
10174
10175
10176
10177
10178
10180
10181
10182
10183
10185
10186
10190
10191
10194
10195
10196
10198
10207
10209
10210
10215
10235
10239
10240
10241
10246
10247
10251
10252
10254
10259
10337
10338
10351
10352
10371
10375
10376
10381
10388
10391
10393
10400
10401
10402
10406
10421
10422
10423
10425
10430
10431
10435
10464
10465
10466
10467
10468
10469
10470
10472
10474
10475
10476
10478
10480
10481
10482
10491
10492
10493
10496
10497
10499
10500
10501
10503
10504
10507
10508
10509
10510
10516
10517
10519
10521
10522
10524
10526
10527
10530
10531
10533
10534
10535
10537
10554
10555
10557
10559
10560
10566
10570
10578
10584
10586
10587
10589
10590
10607
10610
10612
10613
10614
10628
10629
10630
10647
10649
10657
10674
10705
10708
10730
10738
10742
10743
10745
10746
10747
10749
10762
10767
10768
10769
10771
10777
10785
10786
10788
10790
10791
10793
10794
10795
10796
10798
10799
10800
10801
10805
10806
10810
10811
10812
10817
10819
10820
10824
10825
10827
10828
10830
10832
10833
10834
10835
10836
10837
10843
10845
10846
10848
10849
10850
10851
10852
10853
10858
10859
10860
10861
10862
10863
10864
10865
10866
10867
10874
10878
10879
10880
10890
10894
10895
10897
10915
10916
10919
10922
10923
10924
10925
10930
10934
10935
10936
10937
10944
10945
10946
10947
10950
10952
10954
10955
10959
10960
10966
10967
10968
10974
10975
10976
10978
10980
10984
10988
10989
10990
10991
10993
10994
10996
10997
11001
11008
11011
11012
11020
11028
11029
11031
11032
11034
11035
11036
11038
11040
11042
11050
11051
11052
11053
11054
11055
11057
11058
11060
11061
11075
11077
11079
11080
11081
11082
11088
11101
11103
11104
11105
11107
11112
11113
11116
11117
11122
11123
11126
11127
11130
11133
11134
11136
11140
11141
11145
11149
11159
11160
11170
11173
11174
11175
11177
11179
11180
11182
11184
11187
11188
11189
11191
11192
11193
11194
11195
11199
11201
11205
11207
11208
11212
11215
11223
11226
11227
11228
11229
11230
11231
11232
11233
11235
11239
11240
11241
11243
11247
11253
11255
11256
11258
11259
11261
11263
11264
11269
11273
11274
11275
11276
11277
11278
11279
11281
11282
11287
11289
11290
11302
11303
11304
11307
11308
11309
11310
11311
11312
11313
11314
11315
11316
11317
11318
11319
11320
11321
11322
11323
11324
11325
11326
11328
11329
11332
11347
11348
11365
11366
11370
11379
11393
11395
11396
11397
11403
11405
11406
11407
11408
11409
11411
11417
11418
11431
11433
11436
11437
11451
11470
11471
11480
11481
11483
11495
11512
11515
11517
11518
11521
11524
11525
11543
11553
11555
11557
11558
11583
11585
11586
11587
11589
11591
11597
11598
11600
11602
11604
11605
11609
11610
11611
11614
11619
11620
11621
11623
11624
11626
11628
11630
11631
11635
11636
11641
11651
11654
11655
11656
11657
11658
11659
11674
11675
11682
11683
11685
11692
11697
11703
11707
11710
11712
11713
11716
11718
11719
11723
11728
11734
11739
11740
11741
11742
11743
11744
11745
11758
11759
11761
11762
11763
11764
11765
11766
11767
11771
11774
11775
11776
11777
11778
11779
11797
11798
11799
11800
11803
11804
11809
11813
11834
11835
11837
11851
11853
11857
11858
11864
11867
11894
11904
11913
11934
11936
11938
11939
11957
11974
11977
11978
11982
11983
11984
12026
12028
12037
12052
12061
12071
12072
12073
12074
12100
12108
12110
12121
12122
12127
12128
12131
12140
12141
12153
12159
12162
12178
12266
12284
12310
12443
12446
12447
12456
12471
12477
12534
12541
12542
12543
12545
12551
12552
12554
12569
12572
12578
12600
12601
12602
12603
12605
12630
12631
12639
12641
12643
12644
12646
12647
12648
12658
12661
12662
12663
12664
12665
12667
12668
12669
12670
12671
12672
12673
12674
12675
12676
12677
12678
12680
12681
12683
12687
12690
12692
12693
12696
12698
12701
12702
12704
12705
12707
12708
12709
12764
12766
12767
12768
12772
12775
12776
12785
12786
12787
12791
12792
12793
12794
12795
12796
12797
12799
12800
12801
12802
12806
12807
12810
12811
12819
12822
12823
12825
12827
12828
12835
12836
12837
12840
12842
12843
12845
12849
12855
12857
12860
12866
12870
12872
12885
12889
12890
12903
12904
12911
12913
12917
12923
12925
12932
12933
12940
12948
12970
12975
12977
12978
12980
12983
12994
13000
13003
13008
13017
13019
13025
13027
13033
13043
13045
13047
13049
13051
13052
13053
13057
13058
13061
13062
13065
13067
13070
13078
13085
13086
13087
13089
13093
13095
13098
13103
13104
13106
13107
13108
13124
13132
13165
13166
13167
13173
13174
13175
13178
13180
13181
13182
13183
13184
13187
13193
13196
13198
13199
13202
13204
13209
13211
13223
13237
13269
13307
13312
13313
13315
13316
13317
13331
13334
13335
13336
13337
13338
13344
13345
13346
13351
13352
13355
13356
13357
13359
13360
13452
13453
13454
13499
13758
14202
14203
14204
14265
14419
14444
14472
14473
14474
14475
14476
14477
14478
14479
14480
14481
14482
14483
14512
14513
14514
14516
14824
14826
14871
14930
14931
14981
15582
15583
15587
16255
16345
16580
16584
16590
16591
16592
16687
16717
16743
16744
16752
16781
16868
16875
16881
16906
16947
16958
16959
17016
17447
17465
17517
17559
17574
17897
18113
18354
18447
18838
19022
19036
19056
19065
19206
19219
19220
19224
19225
19226
19231
19241
19246
19247
19248
19260
19261
19262
19263
19264
19272
19273
19274
19277
19278
19285
19286
19288
19290
19291
19292
19294
19295
19299
19300
19303
19316
19317
19318
19321
19322
19328
19329
19334
19335
19336
19337
19338
19341
19343
19345
19346
19347
19350
19351
19523
19524
19732
19816
19826
20129
20366
20517
20768
20771
20888
20890
20893
21126
21651
21652
21667
21695
34019
34020
35649
35655
141404
189432
189433
189434
189522
189523
189524
189525
189526
189527
189528
189530
189534
189535
189538
189540
189541
189542
189543
189546
189548
189551
189555
189556
189708
189709
189710
189711
189716
189727
189729
189755
189756
189757
189758
195065
195139
196918
202391
209116
209283
209288
232209
282527
386254
392417
435573
435586
435590
435596
435599
435604
435621
435622
435623
435626
435627
435630
435631
435632
435633
435639
435646
435647
435648
435649
435650
435653
435654
435670
435672
435673
435680
435687
435688
435689
435690
435692
435693
435701
435702
435703
435704
435705
435707
435708
435709
435711
435713
435714
435722
435723
435727
435737
435738
435739
435740
435741
435742
435743
435744
435745
435746
435747
435750
435752
435753
435754
435755
435756
435757
435773
435774
435775
435793
435817
435823
435826
435829
435830
435831
435833
435835
435839
435844
435846
435849
435852
435853
435855
435856
435857
435858
435859
435860
435861
435862
435864
435866
435867
435868
435869
435870
435871
435872
435874
435875
435876
435877
435878
435879
435880
435881
435882
435883
435884
435885
435886
435887
435888
435892
435894
435895
435900
435905
435906
435907
435908
435909
435921
435922
435923
435961
435962
435964
435965
435966
435967
435969
435971
435975
435978
435979
435983
435984
435985
435986
435987
435988
435989
435990
435991
435992
435993
435997
435998
436000
436001
436002
436003
436004
436005
436006
436007
436008
436009
436010
436011
436012
436013
436014
436015
436016
436017
436018
436019
436020
436021
436022
436023
436024
436025
436026
436027
436028
436030
436048
436049
436057
436062
436063
436064
436075
436076
436077
436078
436079
436085
436089
436090
436095
436105
436106
436107
436108
436114
436115
436116
436120
436122
436123
436138
436140
436144
436145
436149
436150
436152
436153
436162
436174
436175
436176
436177
436178
436179
436180
436182
436183
436184
436186
436188
436189
436190
436191
436192
436198
436199
436200
436201
436203
436207
436208
436211
436212
436213
436214
436215
436216
436217
436222
436223
436224
436225
436226
436227
436228
436229
436230
436235
436236
436238
436241
436252
436253
436255
436256
436257
436258
436262
436266
436267
436270
436292
436293
436294
436295
436296
436312
436318
436320
436321
436322
436323
436325
436326
436327
436329
436343
436344
436345
436346
436347
436397
436398
436399
436404
436406
436407
436418
436419
436423
436424
436425
436426
436427
436431
436432
436433
436434
436435
436436
436438
436439
436440
436441
436442
436446
436448
436449
436450
436451
436453
436454
436455
436481
436482
436483
436484
436502
436503
436519
436520
436524
436525
436526
436527
436528
436529
436530
436531
436532
436533
436534
436535
436536
436541
436542
436543
436544
436545
436546
436547
436548
436549
436550
436551
436552
436553
436554
436560
436569
436570
436571
436572
436573
436574
436575
436576
436577
436579
436580
436581
436582
436586
436587
436588
436590
436591
436593
436594
436595
436596
436597
436598
436599
436603
436604
436607
436609
436616
436617
436620
436621
436622
436623
436624
436626
436628
436630
436631
436632
436637
436642
436644
436645
436653
436656
436671
436675
436676
436677
436680
436683
436684
436685
436686
436687
436688
436689
436690
436691
436692
436693
436699
436703
436704
436706
436707
436708
436709
436724
436725
436729
436741
436752
436776
436780
436782
436784
436785
436787
436788
436789
436790
436805
436808
436809
436810
436814
436815
436816
436819
436820
436821
436823
436824
436825
436827
436830
436831
436832
436833
436836
436837
436838
436839
436840
436843
436846
436847
436850
436851
436852
436853
436858
436861
436863
436866
436867
436868
436869
436870
436871
436872
436873
436874
436875
436876
436879
436880
436882
436883
436886
436888
436889
436890
436891
436902
436903
436904
436905
436906
436917
436918
436923
436925
436927
436928
436929
436930
436931
436932
436933
436935
436936
436937
436940
436943
436944
436945
436946
436947
436948
436949
436950
436951
436952
436954
436955
436956
436957
436960
436961
436962
436963
436964
436970
436971
436974
436975
436976
436992
436995
437039
437040
437041
437042
437043
437044
437045
437046
437052
437053
437067
437069
437070
437071
437078
437079
437080
437082
437084
437089
437090
437092
437093
437094
437096
437097
437099
437103
437104
437105
437106
437107
437108
437109
437110
437111
437112
437113
437115
437117
437118
437119
437120
437121
437122
437123
437124
437125
437126
437127
437128
437129
437130
437131
437133
437135
437136
437137
437138
437146
437151
437153
437156
437157
437158
437159
437160
437161
437163
437164
437165
437169
437172
437173
437174
437175
437177
437178
437181
437182
437183
437184
437185
437191
437193
437198
437218
437219
437220
437227
437234
437235
437237
437239
437242
437244
437245
437246
437251
437252
437255
437256
437257
437259
437260
437262
437263
437265
437268
437269
437271
437275
437280
437281
437286
437295
437299
437300
437301
437302
437303
437304
437305
437306
437307
437308
437309
437310
437311
437312
437313
437314
437316
437317
437321
437325
437326
437327
437328
437329
437330
437331
437333
437336
437339
437340
437342
437343
437344
437346
437347
437349
437350
437354
437355
437356
437357
437358
437359
437360
437361
437363
437364
437365
437366
437367
437376
437378
437380
437382
437383
437384
437385
437386
437388
437389
437391
437394
437395
437396
437397
437398
437399
437400
437402
437404
437406
437407
437408
437409
437410
437411
437412
437414
437415
437416
437418
437420
437422
437423
437424
437425
437426
437427
437428
437429
437430
437431
437432
437433
437434
437436
437437
437438
437439
437441
437442
437443
437444
437445
437446
437447
437448
437449
437450
437451
437452
437453
437454
437455
437456
437457
437458
437460
437461
437462
437463
437464
437465
437467
437468
437470
437471
437472
437473
437474
437475
437476
437477
437479
437480
437481
437494
437495
437496
437498
437499
437500
437501
437502
437503
437504
437505
437506
437507
437508
437512
437513
437528
437535
437536
437546
437547
437548
437549
437586
437589
437591
437592
437593
437598
437600
437618
437624
437625
437630
437633
437636
437637
437640
437641
437642
437643
437645
437648
437654
437655
437658
437660
437662
437670
437671
437672
437680
437681
437682
437683
437684
437685
437686
437700
437701
437704
437705
437706
437707
437725
437728
437729
437734
437745
437747
437748
437749
437751
437754
437755
437756
437757
437763
437764
437766
437768
437769
437779
437784
437788
437789
437790
437791
437792
437794
437795
437798
437800
437802
437803
437812
437814
437815
437817
437819
437820
437821
437822
437823
437825
437826
437827
437828
437830
437831
437838
437841
437842
437843
437844
437845
437846
437847
437848
437852
437853
437854
437861
437862
437864
437865
437867
437868
437869
437870
437871
437872
437873
437874
437875
437876
437877
437878
437879
437880
437881
437882
437885
437886
437887
437888
437889
437890
437891
437893
437894
437895
437897
437898
437900
437903
437915
437916
437918
437919
437922
437923
437925
437926
437935
437936
437937
437941
437942
437943
437944
437945
437946
437947
437948
437949
437954
437956
437964
437965
437966
437967
437968
437969
437970
437971
437972
437973
437974
437975
437978
437979
437980
437984
437985
437986
437989
437990
437995
437996
437997
437998
437999
438001
438002
438003
438004
438005
438006
438007
438008
438009
438010
438011
438012
438013
438014
438015
438023
438024
438025
438026
438031
438032
438033
438099
438100
438101
438102
438103
438105
438106
438110
438112
438113
438116
438117
438126
438127
438128
438129
438130
438132
438134
438136
438144
438156
438158
438159
438386
438389
438390
438407
438417
438427
438434
438435
438541
438543
438545
438546
438559
438590
438603
438616
438617
438618
438619
438620
438621
438622
438626
438627
438629
438632
438638
438654
438659
438661
438662
438664
438665
438666
438673
438674
438679
438688
438690
438722
438737
438738
438814
438815
438816
438817
438818
438819
438820
438821
438822
438823
438824
438848
438850
438857
438949
438951
438952
438953
438954
439065
439117
439118
439122
439333
439337
439343
439344
439346
439358
439392
439844
439933
440349
440362
440366
440393
440464
440568
440723
440725
440729
440847
440900
441024
441104
441111
441115
441229
441234
441351
441352
441353
441354
441355
441357
441358
441359
441360
441363
441370
441374
441378
441379
441768
441769
441933
441965
441967
441969
441971
442356
442761
442849
450504
450749
453283
457972
458738
459029
459030
459031
459032
459033
459067
459081
459082
459083
459084
459085
459086
459087
459088
459089
459090
459091
459092
459093
459094
459095
459098
459099
459101
459102
459103
459104
459105
459106
459107
459108
459109
459110
459111
459112
459113
459118
459119
459121
459122
459123
459124
459126
459127
459139
459140
459141
459142
459143
459144
459145
459146
459147
459148
459149
459150
459151
459152
459154
459155
459156
459158
459159
459160
459161
459163
459165
459166
459167
459168
459169
459170
459171
459172
459182
459926
460319
460362
460374
460395
460401
460428
460647
460686
460962
460969
460996
461041
461126
461180
461185
461188
461190
461192
461288
461294
461325
461366
461367
461663
461664
461665
461667
461670
461673
461676
461677
461678
461681
461683
461684
461688
461689
480513
480553
480566
480569
480585
480594
480597
480657
480661
480704
480718
480737
480738
480740
480896
480900
480909
480911
480912
480914
480930
480931
480985
480989
480992
480996
480997
480998
481000
481017
481036
481038
481135
481152
481190
481235
481430
481433
481435
481436
481437
481441
481450
481453
481455
481457
481459
481467
481485
481486
481489
481494
481499
481502
481503
481518
481643
481644
481664
481687
481689
481695
481753
481755
481756
481763
481767
481772
481774
481780
481784
481855
481859
481860
481861
481905
481912
481920
481925
481926
481927
481933
481960
481961
481962
481969
481985
482007
482021
482023
482024
482067
482070
482097
482116
482135
482211
482213
482260
482262
482265
482279
482282
482287
482288
482300
482311
482313
482314
482316
482318
482363
482370
482377
482378
482381
482385
482388
482391
482399
482414
482415
482418
482426
482427
482468
482469
482470
482471
482472
482474
482483
482484
482510
482511
482518
482528
482543
482592
482595
482596
482598
482599
482600
482602
482603
482604
482613
482624
482625
482626
482630
482632
482635
482659
482660
482662
482667
482672
482673
482677
482690
482697
482698
482699
482704
482705
482719
482729
482730
482731
482740
482746
482752
482809
482811
482819
482825
482829
482967
482980
482981
482982
482999
483000
483009
483031
483033
483038
483039
483040
483066
483105
483106
483113
483118
483124
483166
483174
483198
483230
483231
483234
483235
483246
483257
483268
483279
483290
483301
483330
483333
483334
483355
483366
483377
483440
483494
483515
483526
483537
483548
483565
483590
483762
483767
483869
483872
483883
483884
483885
483906
483907
483918
483925
483928
484154
484155
484178
484184
484193
484212
484222
484259
484274
484275
484344
484385
484399
484400
484402
484409
484420
484429
484433
484453
484506
484522
484524
484530
484534
484536
484537
484556
484558
484561
484563
484564
484636
484638
484653
484655
484680
484681
484682
484683
484684
484685
484686
484687
484688
484691
484693
484694
484701
484716
484729
484730
484735
484736
484737
484738
484753
484757
484763
484764
484789
484799
484803
484827
484828
484829
484830
484831
484832
484833
484837
484857
484879
484885
484891
484894
484935
484938
484943
484957
484959
484962
484963
484964
484969
484972
485022
485031
485034
485041
485044
485063
485147
485156
485164
485194
485196
485204
485210
485211
485213
485216
485217
485219
485221
485230
485249
485289
485308
485315
485318
485319
485320
485338
485350
485378
485385
485386
485387
485406
485420
485436
485437
485502
485515
485516
485517
485551
485555
485633
485639
485682
485683
485687
485694
485699
485702
485705
485706
485713
485714
485717
485719
485723
485724
485730
485731
485732
485751
485760
485761
485787
485795
485797
485798
485803
485804
485805
485806
485807
485820
485821
485827
485842
485843
485900
485901
485903
485910
485911
485922
485923
485924
485934
485944
485945
485946
485962
485963
486005
486007
486008
486009
486012
486014
486037
486043
486044
486045
486049
486053
486054
486055
486081
486160
486162
486163
486182
486186
486206
486231
486237
486244
486245
486246
486251
486252
486255
486256
486258
486259
486271
486273
486274
486275
486277
486279
486280
486281
486282
486285
486291
486296
486307
486308
486311
486315
486316
486335
486337
486338
486359
486363
486374
486375
486397
486398
486406
486408
486415
486423
486428
486522
486531
486581
486583
486596
486600
486611
486633
486652
486662
486670
486686
486694
486702
486735
486738
486739
486743
486744
486750
486754
486755
486758
486759
486765
486766
486767
486768
486772
486773
486788
486789
486814
486823
486836
486838
486839
486840
486842
486843
486845
486846
486847
486878
486879
486894
486895
486909
486920
486923
486951
486970
487039
487081
487084
487085
487097
487337
487338
487400
487463
487558
487582
487604
487609
487682
487695
487713
487715
487718
487719
487720
487723
487724
487725
487741
487759
487762
487764
487765
487767
487768
487769
487781
487807
487826
487827
487832
487833
487834
487835
487836
487844
487846
487848
487850
487857
487858
487859
487862
487864
487870
487872
487901
487905
487929
487930
487964
487965
487978
487981
487998
488001
488004
488017
488029
488030
488031
488033
488034
488035
488039
488042
488045
488060
488090
488091
488092
488107
488125
488128
488135
488146
488147
488153
488156
488161
488164
488194
488206
488207
488221
488229
488231
488233
488266
488276
488292
488293
488294
488300
488301
488317
488319
488464
488472
488486
488490
488493
488495
488496
488497
488596
488605
488607
488608
488609
488611
488613
488614
488615
488619
488620
488621
488622
488623
488626
488632
488647
488649
488651
488655
488659
488660
488662
488664
488668
488674
488675
488676
488685
488689
488690
488692
488694
488695
488697
488702
488710
488723
488727
488730
488731
488732
488733
488734
488735
488750
488756
488757
488758
488760
488761
488763
488764
488766
488773
488774
488777
488778
488790
488807
488820
488825
488826
488840
488842
488853
488856
488876
488879
488880
488883
488885
488886
488887
488889
488890
488891
488893
488897
488900
488903
488904
488906
488908
488909
488910
488911
488915
488917
488920
488922
488927
488937
488938
488944
488954
488955
488960
488970
488973
488975
488976
488977
488979
488981
489011
489020
489052
489055
489057
489059
489060
489062
489063
489064
489100
489102
489126
489127
489131
489143
489156
489164
489223
489227
489228
489238
489245
489246
489252
489258
489260
489262
489263
489281
489301
489302
489304
489305
489306
489307
489324
489330
489336
489337
489343
489349
489359
489360
489403
489404
489407
489408
489472
489473
489474
489475
489498
489502
489503
489504
489511
489513
489541
489542
489543
489544
489545
489546
489549
489550
489551
489552
489553
489555
489559
489573
489581
489586
489587
489589
489598
489623
489624
489625
489626
489627
489629
489630
489631
489632
489633
489634
489636
489637
489638
489640
489641
489643
489645
489687
489707
489709
489713
489714
489715
489766
489800
489803
489813
489814
489822
489964
489966
489969
489971
489972
489974
489975
489977
489982
489983
489987
489988
489989
489990
489991
489994
489995
489996
489997
490001
490002
490003
490004
490009
490010
490011
490012
490018
490020
490022
490025
490028
490029
490030
490031
490032
490034
490038
490060
490097
490128
490131
490146
490177
490182
490187
490190
490191
490194
490196
490201
490213
490219
490220
490225
490227
490248
490254
490255
490259
490260
490587
490677
490750
490814
490834
491234
491283
491290
491292
491708
491760
491799
491857
491967
492055
492277
492319
492345
492358
492373
492420
492421
492428
492486
492495
492697
492698
492699
492700
492701
492729
492730
492731
492732
492735
492737
492738
492745
492746
492759
492825
493210
493628
493629
493756
493758
493764
494057
494061
494302
494303
494387
494418
494837
495130
495161
495248
495261
495270
495297
495318
495325
495450
495545
495585
496217
496229
496231
497082
497143
497769
498390
498560
498617
498651
499553
499567
499568
500194
500430
500436
500488
505722
626692
629108
629928
632921
632922
632925
632926
632928
632936
632937
632939
632947
632950
632953
632954
632955
632956
632957
632961
632966
632969
632970
632972
632973
632974
632979
632980
632981
632987
632989
632991
632992
632994
632995
632996
632997
632999
633000
633001
633003
633004
633008
633009
634108
638131
638362
641448
643540
644093
647338
648354
648883
651837
652416
653465
655744
659875
665702
669033
669035
670765
671456
675873
677910
678013
679656
679658
679686
680923
684606
685040
685337
687851
687852
688594
694642
695496
695536
698529
698749
702950
705226
705667
707486
708024
712013
712539
712946
719486
724811
726543
727970
742652
744549
745853
747607
747674
749517
749639
750855
752047
753544
753981
754093
759618
760930
764086
764087
764089
764093
765285
765918
767842
769297
772894
780292
782303
782305
782307
785032
785222
788905
789381
812446
812449
812918
813585
813594
815112
816272
816514
816515
816520
816522
816523
816618
816624
817124
817504
817649
818842
821719
821931
828241
828497
828789
830723
830724
834263
834269
834308
835145
838174
838178
839033
839045
839876
841439
841443
841475
843659
843724
845334
846945
847023
848137
848283
848284
848286
851349
852271
852668
853449
856309
856411
