7499
10028
10035
10049
10061
10062
10065
10066
10067
10068
10070
10075
10076
10077
10080
10081
10085
10092
10093
10136
10138
10150
10152
10154
10158
10159
10174
10175
10176
10177
10178
10180
10181
10182
10183
10185
10186
10190
10191
10194
10207
10209
10210
10215
10235
10239
10240
10241
10246
10247
10259
10371
10381
10421
10423
10431
10435
10464
10465
10466
10467
10468
10469
10470
10472
10474
10475
10476
10478
10480
10481
10482
10491
10492
10496
10497
10499
10500
10501
10503
10504
10507
10508
10509
10516
10517
10521
10522
10524
10526
10527
10530
10531
10533
10534
10535
10537
10554
10578
10584
10586
10587
10589
10590
10612
10767
10768
10769
10771
10777
10785
10786
10788
10790
10791
10793
10794
10795
10796
10798
10799
10800
10801
10805
10806
10810
10811
10812
10817
10819
10820
10824
10825
10827
10828
10830
10832
10833
10834
10835
10836
10837
10843
10845
10848
10849
10850
10851
10852
10853
10858
10859
10860
10861
10862
10863
10864
10865
10866
10867
10874
10878
10879
10880
10890
10895
10919
10922
10923
10924
10925
10934
10944
10945
10946
10947
10966
10967
10968
10975
10976
10984
10988
10989
10990
10991
10993
10994
10996
10997
11008
11011
11012
11020
11040
11042
11050
11051
11052
11053
11054
11055
11057
11058
11079
11080
11081
11082
11101
11103
11104
11105
11107
11112
11113
11116
11117
11122
11123
11126
11127
11130
11133
11134
11136
11140
11141
11145
11159
11160
11170
11173
11174
11175
11177
11179
11180
11182
11187
11188
11189
11191
11192
11193
11194
11195
11199
11201
11205
11207
11208
11212
11215
11223
11226
11227
11228
11229
11230
11231
11232
11233
11235
11239
11240
11241
11243
11247
11253
11255
11256
11258
11259
11261
11263
11264
11269
11273
11274
11275
11276
11279
11287
11289
11290
11302
11307
11308
11309
11310
11311
11312
11313
11314
11315
11316
11317
11318
11319
11320
11321
11322
11323
11324
11325
11326
11328
11329
11332
11347
11365
11366
11370
11379
11393
11395
11396
11397
11406
11407
11408
11409
11411
11417
11418
11433
11437
11470
11471
11495
11512
11515
11517
11518
11524
11543
11553
11583
11587
11597
11602
11604
11605
11610
11611
11614
11619
11620
11621
11623
11624
11626
11651
11654
11655
11656
11674
11675
11683
11703
11707
11710
11712
11713
11716
11718
11719
11723
11728
11734
11739
11740
11741
11742
11743
11744
11745
11758
11759
11761
11762
11763
11764
11765
11766
11771
11774
11775
11776
11777
11778
11779
11797
11798
11799
11834
11835
11851
11853
11864
11867
11894
11904
11913
11934
11936
11938
11939
11957
11974
11977
11978
11983
11984
12534
12542
12543
12545
12551
12569
12578
12600
12601
12602
12605
12630
12631
12641
12643
12644
12646
12658
12661
12662
12663
12664
12665
12667
12668
12670
12671
12672
12673
12674
12675
12676
12677
12678
12680
12681
12683
12690
12692
12693
12696
12698
12701
12702
12704
12705
12707
12708
12709
12768
12772
12791
12792
12793
12794
12796
12797
12799
12800
12801
12802
12806
12811
12819
12822
12823
12825
12827
12828
12842
12843
12845
12849
12855
12857
12860
12866
12870
12872
12885
12889
12890
12903
12904
12911
12913
12917
12923
12932
12933
12940
12948
12970
12975
12977
12978
12980
12983
12994
13000
13003
13008
13017
13019
13025
13027
13043
13045
13047
13049
13051
13052
13053
13057
13093
13095
13098
13103
13104
13132
13187
13196
13198
13199
13202
13204
13209
13211
13223
13237
13269
13307
13312
13313
13315
13331
13334
13335
13336
13337
13338
13344
13345
13346
13351
13352
13355
13356
13357
13360
13452
13453
13454
13499
14202
14265
14419
14472
14483
14512
14513
14514
14516
14826
14931
16345
16580
16584
16590
16591
16592
16687
16743
16744
16781
16875
16906
16958
16959
17447
17465
17517
17574
17897
18113
18354
18447
19022
19056
19065
19206
19523
19524
19732
19816
19826
20129
20517
20768
20888
21126
21667
34019
34020
35649
35655
189432
189433
189434
189522
189523
189524
189525
189526
189527
189528
189530
189534
189535
189538
189540
189541
189542
189543
189546
189548
189551
189555
189556
189708
189709
189710
189711
189716
189727
189729
189755
189756
189757
189758
195139
196918
202391
209116
209283
209288
232209
386254
392417
435573
435590
435596
435599
435604
435621
435622
435623
435626
435627
435630
435631
435632
435633
435639
435646
435647
435648
435649
435650
435670
435672
435673
435680
435687
435688
435689
435690
435701
435702
435703
435704
435705
435707
435713
435714
435722
435723
435727
435737
435738
435739
435740
435741
435742
435743
435744
435745
435746
435747
435750
435752
435753
435754
435755
435756
435757
435773
435774
435775
435793
435817
435823
435826
435829
435830
435831
435833
435835
435839
435844
435846
435849
435852
435853
435855
435856
435857
435858
435859
435860
435861
435862
435864
435866
435867
435868
435869
435870
435871
435872
435874
435875
435876
435877
435878
435879
435880
435881
435882
435883
435884
435885
435886
435887
435888
435892
435894
435895
435900
435905
435906
435907
435908
435909
435921
435922
435923
435961
435962
435964
435965
435966
435967
435969
435971
435975
435978
435979
435983
435984
435985
435986
435987
435988
435989
435990
435991
435992
435993
435997
435998
436000
436001
436002
436003
436004
436005
436006
436007
436008
436009
436010
436011
436012
436013
436014
436015
436016
436017
436018
436019
436020
436021
436022
436023
436024
436025
436026
436027
436028
436030
436048
436049
436057
436062
436063
436064
436077
436078
436079
436085
436089
436090
436095
436105
436106
436107
436108
436114
436115
436116
436120
436122
436123
436138
436140
436144
436145
436149
436150
436152
436153
436162
436174
436175
436176
436177
436178
436179
436180
436182
436183
436186
436188
436189
436190
436191
436192
436198
436199
436200
436201
436203
436207
436208
436211
436212
436213
436214
436215
436216
436217
436222
436223
436224
436225
436226
436227
436228
436229
436230
436235
436236
436238
436241
436252
436253
436255
436256
436257
436258
436262
436266
436267
436270
436292
436293
436294
436295
436296
436318
436320
436321
436322
436323
436325
436326
436327
436329
436343
436344
436345
436346
436347
436397
436398
436399
436404
436406
436407
436418
436419
436423
436424
436425
436426
436427
436431
436432
436433
436434
436435
436436
436438
436439
436440
436441
436442
436446
436448
436449
436450
436451
436453
436454
436455
436481
436482
436483
436484
436502
436503
436519
436520
436524
436525
436526
436527
436528
436529
436530
436531
436532
436533
436534
436535
436536
436541
436542
436543
436544
436545
436546
436547
436548
436549
436550
436551
436552
436553
436554
436560
436569
436570
436571
436572
436573
436574
436575
436576
436577
436579
436580
436581
436582
436586
436587
436588
436590
436593
436594
436595
436596
436597
436598
436599
436603
436604
436607
436616
436617
436620
436621
436622
436623
436624
436626
436628
436630
436631
436632
436637
436642
436644
436645
436653
436656
436671
436675
436676
436677
436680
436683
436684
436685
436686
436687
436688
436689
436690
436691
436692
436693
436703
436704
436706
436707
436708
436709
436724
436725
436729
436741
436752
436776
436782
436784
436785
436787
436788
436789
436790
436805
436808
436809
436810
436814
436815
436816
436819
436820
436821
436823
436824
436825
436827
436830
436831
436832
436833
436836
436837
436838
436839
436840
436843
436846
436847
436850
436851
436852
436853
436858
436861
436863
436866
436867
436868
436869
436870
436871
436872
436873
436874
436875
436876
436879
436880
436888
436889
436890
436891
436902
436903
436904
436905
436906
436917
436918
436928
436929
436930
436931
436932
436933
436935
436936
436937
436940
436944
436945
436946
436947
436948
436949
436950
436951
436952
436954
436955
436956
436957
436960
436961
436963
436964
436970
436971
436974
436975
436976
436992
436995
437039
437040
437041
437042
437043
437044
437045
437046
437052
437053
437067
437069
437070
437071
437078
437079
437080
437082
437084
437089
437090
437092
437093
437094
437096
437097
437099
437103
437146
437151
437153
437156
437157
437158
437159
437161
437163
437164
437165
437172
437173
437174
437175
437177
437178
437181
437182
437183
437184
437185
437191
437193
437218
437219
437220
437227
437234
437235
437237
437239
437242
437244
437245
437246
437251
437252
437255
437256
437257
437259
437260
437262
437263
437265
437268
437269
437271
437275
437280
437281
437286
437295
437299
437300
437301
437302
437303
437304
437305
437306
437307
437308
437309
437310
437311
437312
437314
437316
437317
437325
437326
437327
437328
437329
437330
437331
437333
437336
437339
437340
437342
437343
437344
437346
437347
437349
437350
437354
437355
437356
437357
437358
437359
437360
437361
437363
437364
437365
437376
437378
437380
437382
437383
437384
437385
437386
437388
437389
437391
437394
437395
437396
437397
437398
437399
437400
437402
437404
437406
437407
437408
437409
437410
437411
437412
437414
437415
437416
437418
437420
437422
437423
437424
437425
437426
437427
437428
437429
437430
437431
437432
437433
437434
437436
437437
437438
437439
437443
437444
437445
437446
437447
437448
437449
437450
437451
437452
437453
437454
437455
437456
437457
437458
437460
437461
437462
437463
437464
437465
437468
437470
437471
437472
437473
437474
437475
437476
437477
437479
437480
437481
437494
437495
437496
437498
437499
437500
437501
437502
437503
437504
437505
437506
437507
437508
437512
437513
437528
437535
437536
437546
437547
437548
437549
437586
437589
437591
437592
437593
437598
437600
437618
437624
437625
437630
437633
437636
437637
437640
437641
437642
437643
437645
437648
437654
437655
437658
437660
437662
437680
437682
437683
437684
437685
437686
437700
437701
437725
437728
437729
437734
437745
437747
437748
437749
437754
437755
437756
437757
437763
437764
437766
437768
437769
437779
437784
437788
437789
437790
437791
437792
437794
437795
437798
437800
437802
437803
437812
437814
437815
437817
437819
437820
437821
437822
437823
437825
437826
437827
437828
437830
437831
437838
437841
437842
437843
437844
437845
437846
437847
437848
437852
437853
437854
437861
437862
437864
437865
437867
437868
437869
437870
437871
437872
437873
437874
437875
437876
437877
437878
437879
437880
437881
437882
437885
437886
437887
437888
437889
437890
437891
437893
437894
437895
437897
437898
437900
437903
437915
437916
437918
437919
437922
437923
437925
437926
437935
437936
437937
437941
437942
437943
437944
437945
437946
437947
437948
437949
437954
437956
437964
437965
437966
437967
437968
437969
437970
437971
437972
437973
437974
437975
437978
437979
437980
437984
437985
437986
437989
437990
437995
437996
437997
437998
437999
438001
438002
438009
438010
438011
438012
438013
438014
438015
438023
438024
438025
438026
438031
438032
438033
438099
438100
438101
438102
438103
438105
438106
438110
438112
438113
438116
438117
438126
438127
438128
438129
438130
438132
438134
438136
438144
438156
438158
438159
438389
438390
438407
438417
438427
438434
438541
438543
438545
438546
438559
438590
438603
438616
438617
438618
438629
438654
438659
438661
438662
438665
438688
438690
438722
438737
438738
438814
438815
438816
438817
438818
438819
438820
438821
438822
438824
438848
438850
438857
438949
438951
438952
438953
438954
439065
439117
439118
439122
439333
439337
439343
439344
439346
439844
439933
440464
440568
440723
440725
440729
440847
440900
441024
441104
441111
441115
441229
441234
441352
441353
441354
441355
441357
441358
441359
441360
441363
441370
441374
441378
441379
441768
441769
441933
441965
441967
441969
441971
442356
442761
442849
450749
453283
459029
459030
459031
459032
459033
459067
459081
459082
459083
459084
459085
459086
459087
459088
459089
459090
459091
459092
459093
459094
459095
459098
459099
459103
459104
459105
459106
459108
459109
459110
459111
459112
459113
459121
459122
459123
459126
459127
461366
485551
485555
488107
488125
488135
488146
488147
489102
505722
626692
629928
634108
641448
643540
647338
651837
652416
655744
659875
665702
669033
670765
671456
678013
684606
685040
694642
695496
698529
698749
708024
712013
712539
712946
719486
724811
726543
747607
752047
764086
764093
767842
769297
780292
782303
782305
782307
788905
813585
813594
816272
816514
816515
816520
816522
816523
816618
816624
817124
817504
828241
828497
834308
835145
839045
841475
846945
847023
848137
852668
